29.9435134881561,22.9552509535125,25.2012964801738,23.3980753760879,24.4327229496459,26.3416475503392,25.7766410799437,24.3462763841399,23.0472071475977,25.5541284156003,23.2825955800048,25.0496649118574,19.2911684491621,27.5069488015354,23.2755890233388,23.5035826750723,22.8458623349294,24.8512087761384,22.0827564506828,24.0679478601671,23.0617353500141,25.0706330926682,25.4197357538896,24.7506200911238,22.907129419312,25.2510606194428,24.3165701776526,22.1112218931088,21.3443761549819,21.7847341101987,22.5791865105526,23.2723349007258,23.9303899597588,23.8985345009155,23.9801468589139,23.2084539303638,22.4437251822837,22.7672573740984,25.2892417593066,22.6612386863601,22.1405212493576,21.2059971465715,25.574489741819,19.503512796215,23.8862391316965,22.7874075503337,24.9031629510244,23.1508168745923,22.291751095052,25.6895956644489,21.8362241061124,23.6311983466189,22.1232021620448,22.2733288155403,26.6515117214417,23.839314162287,24.4920842577322,23.9162479378619,21.5115847701083,25.8013874765275,22.6673039382747,21.8341077604311,23.1669295746933,24.6962141932467,22.9328208947522,20.1994739069887,21.5351931846493,21.9991722295825,23.2971599471036,25.5619476186594,23.6137919848475,24.8071075307881,23.991552346733,21.3580966313303,21.335601208661,23.6930496809555,22.6827307687221,22.2101074855743,21.8022042663147,24.4662771055054,23.0537869749982,19.2651463497254,25.6362394094299,25.965877078037,23.6945578024846,26.1095020336636,24.766652239435,24.078276053455,24.773339714166,21.262362722949,22.5484989032259,20.3926242501443,26.1443444054894,24.687236605341,25.273911716718,22.9371555499189,23.30657160915,23.80141099006,25.3089926845544,25.2916655274838
22.9552509535125,35.2363686655192,26.3631199992109,25.9034693424313,25.4805723350699,29.0290810540603,28.4180663508321,27.5224807018532,26.1443818415407,27.5199964566151,26.1279877744084,28.8093426814465,22.8095567726874,27.5329236309693,26.2056406781049,26.8928503640432,23.9085660726711,25.4753357267197,24.0899791709268,28.2521098397888,26.5802555238176,27.603294023329,28.073859043216,25.7497924838688,25.3662316794955,24.949558364156,25.6987213810174,25.53514823753,25.2094013367992,23.8421553993976,24.6858645028673,25.2389709331753,25.4222876805704,26.9391193651151,27.3347549022577,24.7018246110614,24.5028567271981,25.5486899468153,27.8696635982461,26.1167030412758,25.3785465523796,26.8572927816486,27.0972156655085,21.5864506262926,26.9393242280033,26.0110442810923,25.2056341319311,26.14024660275,26.8813678849779,26.0663803050018,26.9328213197523,27.2345719167153,25.6812844809731,25.3870472909735,31.7463242251228,26.5498528151436,29.096180783346,27.5181420400511,25.3207296274783,28.5239789531967,25.6749580146782,26.4364290013569,27.7420482143839,26.5977692758177,26.0031786118814,24.6431098917951,23.1603011199568,25.7074268442996,25.0444680489633,27.2613201232165,27.0113264335174,25.4095404680383,27.6118660720471,27.1685809518646,25.3669507997346,26.2800034103473,25.6778663964819,24.7142624505296,25.2663317232935,27.5860846471916,26.280216103734,21.8361247300627,30.4543012611122,26.8281420317209,27.4760764243802,28.2544282981286,27.9862790347356,26.2585575697389,27.64034358115,25.4280090333282,23.8986054703563,24.0674178396103,28.2077571348451,27.5467132302104,28.8352897818345,24.9532913748211,25.6136813859171,25.8256291375086,28.1078711207744,26.2130009667535
25.2012964801738,26.3631199992109,35.6919193040138,26.5866772004465,27.7116602791002,27.2543017934925,28.6120260626745,27.4501113464617,26.9019667096457,30.7650323373318,26.8823801897986,28.7336980471602,22.0227502282298,28.161784654209,26.675943810756,26.598421255243,23.3062275800214,28.1191386548232,26.9547221716308,28.2688114130491,27.0528292025216,28.8527995482771,29.7495735307402,27.8712223393643,26.1091487077206,27.2158945653772,27.6522997609412,24.6747215637948,25.420927446994,24.3755789535807,26.5964553615957,26.0687253647535,26.6858742566669,26.7937501799037,26.7870986507723,27.2775993472764,25.0405077559469,26.2557794947931,28.5927951168474,25.529824408868,25.0473215731257,24.9154376522545,26.9190529041998,20.8310025719507,26.7381657813516,27.1196356392087,26.549929026621,27.468534160517,26.7932400357027,27.6535167885514,25.515186177823,29.189575393441,25.1386039865083,27.7411835776945,30.8890823625049,26.7137142359215,28.1743457170955,25.6078776415327,26.2886516310152,27.8823863268652,25.1501622793254,28.6849422257843,28.1899033827797,28.5490001034125,25.6791302268158,23.1437398494112,23.6958279749203,25.479130753476,26.5945075705948,27.3014095912556,28.4216064323528,26.0665173359411,26.8983918712459,25.4135735198828,23.9739885967634,28.2733307005844,25.610767710389,25.0181551164717,25.3736569801969,27.699703154409,26.232789969789,21.1932916938952,28.0206984515168,29.499679050904,26.6914892158707,29.8729409600595,26.0471801114598,25.6711943452979,27.0873859914735,24.1459679615233,24.6364676593121,23.3001907980914,29.1784307866132,27.5548733166734,27.9088317989621,25.9948378578716,27.9659443559169,25.1836686710927,29.5233139345892,26.2093349327297
23.3980753760879,25.9034693424313,26.5866772004465,33.1917185371209,25.9591109812335,26.4562954181875,25.089327836314,25.0377118488257,24.642394333871,27.4657617906757,24.8650833512308,26.4524274141171,21.2516974338046,27.130299656733,23.1686907619261,23.8706691464516,22.6650070056344,26.2220543035657,24.0869527212066,26.6913408007587,28.0924613394854,27.0925814819111,26.3625116647521,25.5425146722801,24.7422526098766,25.3713708692813,25.1287119336893,23.4136934310878,23.4974635459295,22.4542972043028,24.2915963964736,23.2295918207892,25.4850005927894,25.5891064959398,26.9860507686202,23.5451168604519,23.3713029532895,25.2989145390959,26.5857641791386,24.4001452832311,23.6349592457035,23.4679480755314,26.6860751103802,19.766187771587,24.3385702721618,24.7132115174754,25.1041493077117,22.8083956351364,24.1331312139087,24.6649204732417,23.7808551783987,25.2716699234668,22.321402503263,24.7024763750897,28.2213138009103,25.4180076294228,25.1265029683856,24.4079807069306,23.4274702674758,26.9000279786398,22.5324744055879,24.9773793949448,26.7382144762246,29.1885103061256,25.1130060520103,21.13760577659,21.9619512885402,22.884062603009,25.6612296047244,25.8957417792267,25.8241870668285,25.3421568380572,25.9663184422497,23.6672477233979,22.7752835354982,24.6399518847362,22.9738120576479,24.1752940587081,24.7273735985574,25.5651452975397,23.609092841235,19.3727304370104,26.2068754971314,27.2483824168014,24.9595166393115,27.0130349874863,26.6763513115685,24.617994210462,24.7794277154178,23.8736489247199,21.912247769496,20.8629755684058,27.7116724937624,26.2403874330777,25.528708790631,24.5436812512713,25.4570107381516,24.4407221361416,27.6043819691676,24.1222246628484
24.4327229496459,25.4805723350699,27.7116602791002,25.9591109812335,34.0988442354014,29.3887206911662,28.6479778674346,28.3789510954884,25.3649798193568,27.7994182990623,26.5747562021709,28.6649702304596,23.7009533064203,27.5898535112739,25.5888207847138,28.0670684085631,22.8891058208303,26.0168069102576,24.9198102376553,26.1003667129318,26.6968353659848,28.2792552206402,28.7120973656314,26.5629274137459,26.4084502108256,27.5869024646521,25.472461062587,25.6180584190388,23.1870345305737,24.4099465615714,24.9412676054688,23.9562740484246,26.1517739884088,26.6963887463973,26.2315243094501,24.190924588359,24.6799943387534,26.0133141777049,26.8135122648775,26.3024727982205,23.6204500645712,24.6347665089234,28.1652893784649,22.0563297117984,27.3182889974671,26.3495080184487,24.7819799618369,26.9402543466635,26.0545627304817,26.7068561783126,22.769368593417,28.1158936805164,24.8050259557567,24.8610978271788,30.440385816765,25.978631641212,27.4253227338104,26.1153716316832,25.9094133825169,27.3329440681998,26.2632586435642,24.8098163981168,25.771574394735,28.0911331518431,23.9632668092508,23.7728776007804,23.7446641345538,24.9160207127681,24.6955103335176,27.1168605885917,27.3685251488828,25.4271981662122,26.0937309489887,25.5479097462637,23.3221729039374,26.8589692549047,24.3703583484356,25.2359914286289,24.5312954562326,26.2885978095714,24.4313882584487,21.4911638269857,28.2306340429125,29.1101942407186,27.1473783397366,27.7515774016555,26.4416836392686,24.4627056382537,26.8715644259421,25.2435653104519,24.4972434874965,23.0011249378052,28.3434240774342,27.9778375289749,28.7399899688601,24.6764853552097,26.592009217146,25.1992399699371,28.3427856295197,26.2360338747059
26.3416475503392,29.0290810540603,27.2543017934925,26.4562954181875,29.3887206911662,38.614085746625,28.817137071289,29.2104348604272,28.1120518165939,29.3758337538703,27.8105364328763,30.6943880863283,23.7101305620763,30.8311362333212,27.6817821421959,28.598474825889,25.5449009928923,27.3251457800248,26.3893986587037,27.7375858272069,27.7259505028141,28.1811861754784,28.347635290983,28.5526204965157,28.2261790839111,28.6362124981936,27.0572778971131,27.2487322640919,26.4411220047581,24.9418914601391,25.4722609952033,28.3504402997535,26.5198364891884,26.8837497178017,27.0467356573586,27.6588372140092,25.9339320341114,26.5659920621445,27.7004042192317,28.4547371074616,25.3395815207753,26.3722699790433,30.7077458902247,22.3638335598423,29.3013167754334,28.4224193557308,27.7554497481965,28.1305683074451,28.7823471832334,28.7813459863229,25.6796183274847,29.6318056991425,25.2049193234977,27.3092337857187,32.0510280462092,28.9796292290833,29.8422933091434,28.2480331738256,25.3490056852142,29.975629798939,26.4486663616893,27.263979598409,27.5242913900315,28.8446844906745,26.6229345379478,25.5659617523365,25.8311503070812,26.0702903635402,27.2912634069927,29.7092684984516,28.3197288750855,25.9612310680632,29.613631548529,27.5853372875449,25.4888179636197,27.0301375143717,26.3751842940017,27.2768771176352,26.3105527069255,29.7829287629268,28.0611795854598,25.1583952151758,31.4734000486333,30.0975486183113,29.5349445154583,30.9376420980008,27.647636467391,27.131825945069,29.0652057350819,26.7249677799153,25.0694706827166,23.8438161470883,29.9700553165449,29.3396435424926,30.7112143249044,26.0257766231707,28.0940193286862,28.72158436337,30.2708027960681,27.7443445684255
25.7766410799437,28.4180663508321,28.6120260626745,25.089327836314,28.6479778674346,28.817137071289,37.1088468605396,28.0199920574867,27.5221012763925,29.9450155698729,25.9524768807538,29.8726572150931,22.166666268356,29.0741370138965,27.0490240530997,27.4978818532941,25.5526777779789,26.989510489861,26.8381900164301,26.6289503330721,26.6530936570684,29.3724164269545,30.022936621168,27.2403206712774,26.2751768523294,29.517366221417,27.6159454219677,26.7010456726851,25.8051652960194,25.5061159723677,26.3580669738806,24.9649228407304,28.3459933067943,27.4769316436747,25.7496706427827,26.0350179196593,26.4050358513548,25.6538172221856,29.2137447246153,25.7210303760393,25.1544008726703,26.1745179666723,28.8080211570276,22.010305602787,27.9335703276251,28.390394896858,26.7479835990222,28.175155214542,26.0317424118532,26.290701252448,25.9195301554862,29.6172025091806,24.7772519766059,25.6658340706874,31.4529334857444,28.0336704840897,28.9010868899203,28.2425659553727,26.5544862656299,29.8401819470197,27.3751859970316,27.6474715970902,28.8317928891708,27.0491465727973,26.4290566343892,24.4330094083737,23.6423384224164,25.6058722895083,27.1721113854844,28.6825367883525,29.4297934795731,26.1647617196424,27.3489281392596,26.1210863315816,23.7203424361152,28.3497798477461,25.3946210451049,25.492695346403,23.9248190467664,26.7144594913833,27.2480699680115,22.3323151567927,29.7488965612848,28.7736351690047,26.9150652393606,30.3344398006741,27.3658047533953,28.3602512370683,28.2867543220481,25.9953634252629,26.284463933175,23.2615055986233,29.8488222868609,28.1106765459431,31.4158935073058,27.1964130422098,26.4345162062942,26.1776488209682,27.9918189149328,28.7142160008389
24.3462763841399,27.5224807018532,27.4501113464617,25.0377118488257,28.3789510954884,29.2104348604272,28.0199920574867,34.1072950094002,25.3305954834387,29.1635063104268,27.1642718078773,28.6117545896196,22.8484248365407,27.6573416301646,26.678224462801,27.1041451214817,24.8875174057569,26.1552216369111,25.6948052744078,27.5940739612192,26.3142775989215,27.66666127805,28.7550955624804,26.3759342371491,26.3609534466598,25.8346109327002,26.6736178214009,25.6598626404765,24.9177080841317,25.932182660199,24.4196293122633,24.844233634344,26.053925106669,25.3716805413617,27.974072894298,25.9376889974231,25.0349383437041,24.8304788857019,26.6005953848707,25.8117267051901,25.8895833800094,25.6896810070985,29.0144961820481,21.0100274929716,27.2627449702594,26.7504569831322,27.1101214691309,27.973533004277,26.230870194032,26.9239705157885,23.6999362797912,28.4958130093094,25.0350137066314,26.1911284455028,30.7052128529025,26.5924699094349,27.9939967052434,27.3060614689211,24.5821773979377,28.1647156506282,25.2662513346746,27.5906036394718,27.5913098026373,28.8177972061912,25.2265060225748,22.780919415712,22.8090237241434,24.7603358166767,24.0922334433536,27.2351363576344,26.1689977908539,25.6626126691418,27.4295660167989,25.1826111064314,23.4479259352564,25.4745395361419,25.5952359579518,25.5526670175619,24.3251060516538,26.5842113543404,25.3256722884393,22.2310731471696,29.2331498836952,28.6886331258841,26.4004183934693,29.1791621828147,28.6683621264892,26.4259165696635,28.1730819374869,26.0429534019777,24.4927176329484,22.7215390018698,28.0897148094732,26.3252358414138,29.2315938641954,25.400093026472,25.7803777144964,26.5112903710182,28.5370185928705,25.0169347721689
23.0472071475977,26.1443818415407,26.9019667096457,24.642394333871,25.3649798193568,28.1120518165939,27.5221012763925,25.3305954834387,34.2764705589211,26.4376553587586,25.5087243520179,26.228081664795,22.6420800558649,28.0666179752169,24.4099601651333,25.9888723137094,22.2777799661204,25.6180214948101,22.6669530998711,25.5386099436427,27.6002930043011,25.5057514983366,26.5036050208051,25.7599901934755,24.5752518074616,27.4215063217715,25.7602015922458,23.5967139791771,25.0331579679185,23.16730261451,24.5747061526933,22.9670461687401,25.3694064594321,25.4966365417909,24.7657061924639,25.2899800524343,24.6720368946911,25.1613874641799,26.6367595242756,24.1748217197388,23.6610889557014,24.2525480605046,26.4948056147377,20.7683076361503,25.3861769626323,26.5506732605437,23.8696912197599,24.3546438993723,26.8432001609571,25.9099098062057,23.2187942580988,27.1360409089246,24.1292364215542,26.0163202176284,29.2730922532599,24.467500554151,27.1239872664636,23.9370499905418,23.9506866622378,27.2934450787451,25.7280063716871,23.8697967336627,25.896285242394,25.914020225616,25.735531553668,22.4196292186933,21.7855725536225,23.363010473221,25.1280457136226,27.6247855994795,25.353465246777,24.3872744232609,26.7148933278284,24.3203251074719,21.4572105082206,24.8059244512797,23.9064706849862,24.1791231412202,23.8902906129705,24.5584000194564,27.0825771301383,21.3570829063979,27.1634233840138,24.652639682839,26.0230192304704,27.6849801932344,25.2938324555272,24.5200117506853,24.8702945700379,24.222687120816,23.9655564666621,22.4205884560123,28.1484149415786,26.8749836648186,28.2070084311552,24.4674502817572,25.371103146163,25.7053055075509,27.2886453327006,24.9166902541428
25.5541284156003,27.5199964566151,30.7650323373318,27.4657617906757,27.7994182990623,29.3758337538703,29.9450155698729,29.1635063104268,26.4376553587586,37.8903133808944,28.4742873877046,29.2748635639916,23.2374211015677,28.7300638747455,27.4698414055892,27.6566862601396,26.2677390761792,27.4979966706247,27.2768772268288,28.0838762229476,27.7581029611989,27.853988756942,30.4225468203043,28.7519306935811,27.205981376081,27.8877912023824,25.9921943369975,25.9866566283698,25.7167774390371,24.8693047362771,27.3014859324469,27.122634251596,27.7575270614706,26.5554792174027,27.1844396994428,27.3689845732952,25.3631873896481,26.1140626156266,29.0497564764798,26.8002642712637,25.1191096256894,25.7962523599335,29.4620630768294,19.9439408069248,27.4814626759864,27.8070526945461,28.0461400069654,28.7846308189716,27.1557400385084,26.7839328414383,25.5401012255311,29.614151446229,24.5041949187239,26.7920668323226,32.0006242176243,28.0451825193782,30.7068859267633,27.990842974804,25.3224358141857,27.9237373180661,25.5068999161115,28.6207968655192,30.0825199942405,30.0787904727603,27.7498902639186,23.7840863402004,24.8562685387928,25.3636457740945,26.705089904285,28.8327008495305,27.9093010310872,25.0248460733236,28.915929497072,25.1636912112871,24.4299618788761,26.568976488021,25.0498880002044,26.7277031769802,25.4568530620484,28.2650408652552,27.4980366605937,21.8585692948808,28.3229669864009,29.0946055620006,27.9406308969837,30.3377812602388,26.8862508016928,27.9757408214942,29.7982701481376,25.7459073637719,25.4079268609311,24.7153543947918,29.8067587215382,28.9779116078181,29.4964987370522,27.3993984038431,28.9779579125261,27.1779376738695,30.1283192882768,25.5730994669901
23.2825955800048,26.1279877744084,26.8823801897986,24.8650833512308,26.5747562021709,27.8105364328763,25.9524768807538,27.1642718078773,25.5087243520179,28.4742873877046,33.9236018882681,25.6932153914647,22.541116262402,27.2564374145055,25.8511401101877,26.7744995868139,23.5539206763141,25.9611922716497,23.031103878699,27.158676518594,26.8127017141626,28.4310080013837,27.3013577126178,24.3390339408272,25.2225246571777,25.5628719523392,24.2930567412907,24.8492687203252,23.5536097733323,23.8013717501617,23.5338607896834,24.9204890739077,24.7355044277121,24.339993499651,26.5271670510501,24.3377499369392,22.5889183977887,24.0073297047278,27.0789347361829,24.572362533039,22.7206191917108,24.7169728301513,28.3295173392131,19.993044570358,26.3839326918658,26.5251478969617,26.176692857561,26.2938648770614,25.3084561300147,26.1095848784853,23.4548469941012,27.489273439289,23.1951949071906,26.3134114328125,29.6018992105903,25.7259753522192,28.0893096692387,26.9272886669539,25.9597226202108,26.5922568969131,24.2555043497724,25.6145139143257,27.3526778766265,27.3683847760079,25.7038260146053,23.0576057587776,23.3228689119646,22.7463086616063,24.1407445131001,26.3215855560555,24.717101348756,24.8771563003363,27.9100915448023,24.8998904229561,22.5759132274711,25.8221354297903,24.335496312237,25.6818434562178,25.118696794026,27.4025926212274,25.7906869306249,21.8133121978369,27.8094002467819,27.6772067168039,27.7827644682996,29.3031390333527,27.0059912368712,24.0994570762316,28.6384944453279,24.6152456381417,23.3012562961406,23.5293503036545,28.2394222405943,26.6896280138819,27.7812909439538,24.8240985311575,26.0935570538895,26.1433157518309,27.3213615271976,25.1739521375128
25.0496649118574,28.8093426814465,28.7336980471602,26.4524274141171,28.6649702304596,30.6943880863283,29.8726572150931,28.6117545896196,26.228081664795,29.2748635639916,25.6932153914647,36.3142215227102,21.6437154408375,28.3290921574265,26.4174526207577,26.9723480865503,26.3556201134172,25.3532959696157,25.8843720664077,27.770403545152,25.3709502824776,29.9166829745692,29.2415357049302,28.5926694276003,26.8844743745612,28.2249765356559,26.4458754143151,25.4712081492782,27.0222222505149,24.3426104131489,24.1791173398711,26.3707069392472,25.1201622937287,26.579459162929,28.2563066910751,26.7057335734945,25.6396096691431,26.8279474198913,29.0311265893281,26.5498392197647,24.1485137670825,25.5640296107696,29.3016409159199,22.2171879107082,28.452973392381,27.443624999732,28.0907612638468,28.7177076841089,26.6877934822208,25.9858115701654,25.1912009745745,28.9081833275128,25.157496280231,28.0980822717812,31.0540220506321,27.2892867035528,27.9764686064943,27.728527956868,23.6230844512378,28.4765452487988,26.5755724328678,26.9140406801995,27.0155315785566,28.4907008296136,26.5918585461976,25.3049389957744,24.3420468662234,26.9635453846864,26.8434120377775,27.520296466683,27.2983433210926,25.5350760603558,27.1262446834227,26.6476093869905,24.661724419972,27.1803825399367,27.4184553161376,25.3508583884029,24.0810872061588,26.552767325174,26.5551901190155,23.3022461557777,28.4909355302169,29.9136469645944,28.4886598312093,29.6655611016455,26.486649034539,25.9475826493055,27.3828037304449,26.17656822106,24.8837251584275,23.5271520569359,28.7353951409943,28.6507043835563,31.4912054673576,24.4935010068997,27.3493058332403,26.3901839703094,29.9071655919206,27.5207695316913
19.2911684491621,22.8095567726874,22.0227502282298,21.2516974338046,23.7009533064203,23.7101305620763,22.166666268356,22.8484248365407,22.6420800558649,23.2374211015677,22.541116262402,21.6437154408375,26.140456548582,24.047993801608,21.3288918965269,23.1080828911064,19.5970989491572,21.5209055156665,19.9802319492785,22.4341829168462,23.1409980435401,21.9253235641619,22.5248576683946,21.2070744609322,20.9856770060811,21.5239962438623,21.8012525886244,19.7722298064528,18.1278916911051,19.7274465811649,19.8272686070925,19.6017629606887,20.813110783344,22.257173823345,21.7989838216628,20.3395655925066,20.305146048564,19.7165258492183,21.9585941004904,22.9576983193298,20.3393889373526,20.5253968678855,22.2724135030699,17.9461066656963,22.6587591496965,21.8634496576441,22.0155480109844,21.213795787257,21.4356214458613,21.8726553673917,20.7385464019894,22.1811906030883,18.9566203766005,19.7517353596512,24.0182156277823,20.7543649394819,22.6515625708277,21.6456887828707,20.6616729408277,21.407296625774,21.7250397131555,21.8639934195932,22.6186893895002,23.1872171700871,20.5457933153854,19.563586885188,20.3971548621863,19.2084045670148,20.1842497127524,22.0880741839788,22.5202276098136,21.4056829554206,22.8146316788011,20.1897768412758,19.2282316162897,21.1607707646771,20.8877204635957,21.6014189819728,20.057795655211,22.8060270352854,21.9319638618483,19.2602260985829,22.4520059350011,22.6713664358357,22.7945406569885,23.1990120433181,21.2899301250344,21.0583511720285,22.8294910413959,19.8711228668788,19.8963903736239,19.0042548170506,23.1704238323282,22.3203246378259,24.6828030833836,19.9663411184069,23.6516578967939,20.7849932992048,21.883225522046,21.9119238057457
27.5069488015354,27.5329236309693,28.161784654209,27.130299656733,27.5898535112739,30.8311362333212,29.0741370138965,27.6573416301646,28.0666179752169,28.7300638747455,27.2564374145055,28.3290921574265,24.047993801608,37.5086724244013,25.9531591405832,28.1425361725264,26.1475235620267,28.6044340391624,26.1762836645666,28.0820283327422,28.1926962184804,28.6313727933769,29.362015257616,28.1119983780484,27.2314891065138,29.1210198330222,28.4392411249959,25.4375961265331,24.644996030602,25.2214570733946,27.5165220955967,26.0389075397804,26.9723104548701,27.5353190725482,27.0966248115076,28.1828209504033,25.7033277584086,26.4893411400473,28.6751763279372,27.7171828148161,26.809365787612,25.1446752346678,29.9827358235148,23.1057839091301,29.5487427563433,26.7450286925637,27.3918985380149,28.5378183503742,27.9081224985092,29.1709002073715,27.2800605405586,28.1410376300467,24.1641091919564,27.9555055870772,32.6007897926177,27.4471403295526,29.2602197725914,28.430138069862,26.0951820437931,31.1920523045024,27.0522120707698,28.0246896392398,29.2129880001628,29.9854043738376,26.490101307023,24.5169876710906,25.6203010124468,25.9324882774634,26.1469810188564,28.6021397784289,28.867797694823,26.9169177153262,30.3254491027659,25.6383818624195,24.2013658466493,29.2708967687991,25.9606908460414,28.1594567294286,25.1217422876086,30.4514727345039,28.6002202174317,23.0538388287739,29.2121286763251,27.4911869203436,28.6019763786946,29.2861704256511,28.063768556697,27.9001314773383,29.6878375050648,27.8644751132054,27.0585537040068,23.5623794798333,30.7753153368866,29.1141088084664,31.728529695973,25.1754298101627,28.5714047225424,26.8619987736318,28.9569323667139,29.506456186597
23.2755890233388,26.2056406781049,26.675943810756,23.1686907619261,25.5888207847138,27.6817821421959,27.0490240530997,26.678224462801,24.4099601651333,27.4698414055892,25.8511401101877,26.4174526207577,21.3288918965269,25.9531591405832,32.3338330852526,24.200630608625,23.6685710712601,25.1131978437785,23.7875895103688,26.5685150390937,24.3136396540109,27.0355513076928,26.6359533631332,25.3293846321223,24.0202547763606,25.9823863400345,24.6611486403807,22.449830131849,22.7405213532874,23.1078346117908,25.0282650885368,22.6792973620656,24.0236843871148,25.0419342446427,25.4824420736162,23.9451123699726,22.4555848579865,23.2945885910256,26.3545638457384,25.0349364974735,23.0174538714635,24.1660742955432,27.3008377916397,20.3323262564115,25.9480520275877,24.6984302458467,25.224666365159,26.1486558120908,25.3769519569743,24.7483673482187,24.3968071274458,27.0280908981456,21.4384791087564,22.8210765264409,27.8051395395706,24.8855193303582,27.1143876490026,24.7351850179779,24.4572156270007,26.5861717416258,22.2448642952046,25.4187918779337,26.4733267991347,25.7322701498135,23.5473992183978,20.7102860156763,21.9901137155338,22.8988108920448,24.114633468587,25.8324921361828,26.2464203580466,24.6357839480369,26.3168930350895,23.9415443924106,24.0753153217557,26.2905994866148,25.4426326814656,24.6316511166447,23.8888257910727,26.5130970464305,25.331619455281,22.0310146641728,27.5634328509578,26.992317709345,26.3841898084384,27.6497110028584,25.7540409261393,24.4130622682099,25.1998077475352,23.7583026768293,22.6595300097174,22.7805383041007,27.1269406751507,27.3585747556983,27.3935191734706,23.1341361190161,24.7947182448174,26.0651735434451,27.3951674461184,24.6375501174769
23.5035826750723,26.8928503640432,26.598421255243,23.8706691464516,28.0670684085631,28.598474825889,27.4978818532941,27.1041451214817,25.9888723137094,27.6566862601396,26.7744995868139,26.9723480865503,23.1080828911064,28.1425361725264,24.200630608625,34.4090753808195,22.1006341172596,25.1464792304313,21.4823925547937,25.8367166192761,26.3836918724007,27.330182148504,26.9378203901579,25.1351988401959,25.6181758097627,27.6478777782648,24.6822954556389,25.1478557302538,24.3669737284667,22.4542974781457,24.0540576856797,24.8192539716024,25.038893938019,25.9218297370463,25.8814962868002,25.0097475994327,24.1411449674788,24.4710503602682,27.088730339782,26.0903963518744,23.8487711732216,24.5678687862409,26.6092815166602,20.8833053768952,26.8667214049124,25.6230059382243,25.1771648323224,25.3858476612296,25.5716869979708,25.7041752063253,24.4112615931651,27.2026797477143,22.938237730267,25.4760717562929,31.438289967836,25.0440123708163,27.3627520688863,26.4780560050124,25.9587695283704,27.1793170143865,25.8920394966948,26.1828513940958,26.3736773066494,27.640120042433,24.3619190819291,23.1927498257231,22.2234227903241,23.1632739195008,24.6929920800122,27.2993474292776,26.1457418141205,23.7112494765382,26.1779436890401,26.4980811336314,21.8078249843304,26.0098338258358,24.2747120715382,25.2316889359846,23.6169071105117,26.2640657735124,25.7966476959684,21.6042277525337,28.120520886502,26.3504920280752,26.5432341531024,26.4255393961354,25.7350342829893,25.1165483947881,26.7278924933097,22.9128368594603,23.1590299813906,22.2746073746867,27.3187708347921,26.9688172460727,27.6766701839897,24.6174456690647,25.2791385989432,25.5274636358879,25.5921850055627,25.7895807641118
22.8458623349294,23.9085660726711,23.3062275800214,22.6650070056344,22.8891058208303,25.5449009928923,25.5526777779789,24.8875174057569,22.2777799661204,26.2677390761792,23.5539206763141,26.3556201134172,19.5970989491572,26.1475235620267,23.6685710712601,22.1006341172596,29.7045405774828,24.681582634068,22.0062469940086,24.8833849914268,24.4215796167651,26.1837369297124,25.2536179326665,23.3826550700649,21.6550538611725,23.6633124891077,23.4794118437976,21.1873785749926,21.5440821240939,21.8714385126246,21.144553893135,22.2013068717208,22.3287726324365,22.8270988038261,24.0927611695506,22.9778698655399,22.4078904578705,23.1111966862366,25.0430953498022,22.8297840515807,23.6095068466498,21.5817890803096,24.9992497174369,18.8057171032306,25.5883554482754,23.6512068847927,24.5847112336045,25.4286498666544,23.042361877811,24.3092104587121,22.8363526729153,24.6905830797378,21.7131325402677,24.61870430585,27.7301913171313,23.600084067493,23.659166007499,24.0501786596251,20.9146297039735,25.4333719393952,21.7923188761279,23.5979666280911,25.0965797011782,26.4035898462715,23.8941919874153,20.5926562242785,21.4026288661175,23.3601615357612,23.311202640375,23.802427280777,23.0808818682501,23.3652130329829,25.0489295464313,22.1028614238849,21.2274179884552,23.964497868457,21.9699408765519,23.0674320018323,21.817531754066,24.3652023143824,23.1846769437337,20.9501573275342,24.9764799175775,23.9038958693615,24.0204048326948,27.1080934213394,25.1373451464591,25.1190189561128,24.8632909342606,24.0031225381785,22.9395362414763,20.7789757909508,26.6557316858009,23.6336259078,28.1076504262252,21.8096524215276,25.0862838309764,22.3124883064497,24.9182201600493,23.5688706175856
24.8512087761384,25.4753357267197,28.1191386548232,26.2220543035657,26.0168069102576,27.3251457800248,26.989510489861,26.1552216369111,25.6180214948101,27.4979966706247,25.9611922716497,25.3532959696157,21.5209055156665,28.6044340391624,25.1131978437785,25.1464792304313,24.681582634068,35.7670666526374,24.1396494542479,28.1076850815211,26.2812697738694,28.4170273999838,28.9888064123129,25.8375768478591,24.80017342951,25.8444982650226,27.5284591095281,24.2237458207656,21.7140841183955,23.7734038842857,24.5184792365162,24.7518211749878,25.0282552138569,25.6643143990485,25.8161995881214,23.8856604353049,24.788586164804,26.6132489225178,27.3320999599131,24.8292865010062,25.6341836891479,23.0452397556386,27.146453939757,19.7759987855569,27.6471414309135,25.0291545888478,25.9523132953809,25.9259178653026,26.2758341823586,26.9805764140039,23.8538335792682,26.3017800339532,23.7001579355619,26.1448611272234,29.7870847386793,26.2833072534541,27.1245729077161,25.5782209626949,25.6434639268193,26.3981108841526,24.9003207543228,26.7398843497752,28.2447292028195,28.0643412112184,24.9230187078199,22.4206857155816,23.8529686686325,24.3305016888812,23.3090826360075,27.0726769250284,26.9062322770475,25.5633325836386,26.5353150432171,23.2429389973037,23.5311344867801,27.5450098869431,23.1859722822271,24.9448216197239,24.1452447862778,26.5737514860154,25.8455131580419,21.5736727228786,26.5067479147044,24.1650442743454,25.232083228446,28.8059266304533,26.8144193618002,26.0946257394393,25.3334235000155,23.770410250854,22.1106164587527,20.8123707757316,27.4827559293828,25.561275872353,27.8259294866154,24.470850639535,26.6548947044669,26.0843278682121,27.9335015795261,25.40880459506
22.0827564506828,24.0899791709268,26.9547221716308,24.0869527212066,24.9198102376553,26.3893986587037,26.8381900164301,25.6948052744078,22.6669530998711,27.2768772268288,23.031103878699,25.8843720664077,19.9802319492785,26.1762836645666,23.7875895103688,21.4823925547937,22.0062469940086,24.1396494542479,31.1513375363691,23.5749112169154,23.8725930848244,25.6400044635009,26.4240173606216,22.5237294127923,23.2230931056877,22.1937663047616,25.5915359262757,22.4909550750748,21.8669116104119,22.0063382527187,24.014669705283,23.2121145816803,23.4564169701669,23.9260816979557,24.6352036163226,23.3870804014055,22.1460737776374,22.131190733188,24.3483749321613,23.7484755895324,21.5539409600846,22.6835391256996,25.3309832894026,19.8608678094821,24.5567634861887,23.0441379989994,24.7827835402855,23.6582492349131,23.4118786828351,24.1433838439819,22.2902907235627,24.7900846084401,22.4243725554933,23.2519184927675,26.3432877964399,24.1967886363609,25.5850225243738,24.1064632528135,22.1582024951717,26.3571720307046,21.4737458750372,24.2028916778869,24.9279774684489,25.3917693502712,22.7461038575406,21.1491867928718,22.3160589169045,22.3847738356704,24.1142967483945,25.3742943766491,25.1185544744727,22.7397425238907,24.5356135147489,21.3345423684268,21.9388326447483,24.6951341316346,22.0262009503894,22.9642458550591,21.5495421826575,24.9533788126104,24.6144558396649,20.2194419143739,26.4111965479284,25.5202404663272,23.8195392379216,26.8977593402365,24.3712072716481,24.6216252440582,24.5571894923414,24.2059037708518,23.8792430525687,20.2338976340366,27.4385790442718,24.8863186089302,26.1496969747197,21.7043418896282,25.4573014828647,22.5869043030285,26.5068422687447,23.2634766283536
24.0679478601671,28.2521098397888,28.2688114130491,26.6913408007587,26.1003667129318,27.7375858272069,26.6289503330721,27.5940739612192,25.5386099436427,28.0838762229476,27.158676518594,27.770403545152,22.4341829168462,28.0820283327422,26.5685150390937,25.8367166192761,24.8833849914268,28.1076850815211,23.5749112169154,34.4897452628306,25.7869013258147,29.1652221379856,29.2004281207426,26.7775810300358,25.337308092628,25.2073817295338,26.1997563218713,25.2882911048653,23.5285232991245,24.1741931989454,25.7087259873527,23.83048195048,23.5700538086433,25.2639555748967,27.6110969657131,24.6344432436959,24.7392841474456,25.6985181402776,27.4151686492065,24.960423747047,23.9891673096868,25.9507036204476,28.8306518268781,20.2628057381578,26.2682490182164,24.7501570961534,25.4439011491267,25.8822448300267,25.5483149027536,25.4470184102572,25.0147252194093,28.390281399841,24.1515929866202,25.9011342938264,29.2822651707802,26.2964070466995,27.5410806390992,26.2453042446387,24.3072110376511,27.3962897652188,24.2323777176177,27.1609345660199,28.291727680911,28.7584881737929,24.7086007657891,24.7822738463075,22.6310117421194,25.4505584537638,24.5392835274255,27.1673594656883,27.2526381729889,25.1657292840985,26.1011811765734,24.4751000137974,23.9378418276484,26.9762502593771,24.8010793920223,24.8274200361605,24.7827054000891,27.4241277606519,25.5324428556659,21.6887974856379,27.8123583178389,29.4174224922212,27.9191453815108,30.4241688630879,26.2652716051477,25.8437713182051,27.1735403428192,24.4311983789277,23.9099585848155,23.1634512373376,29.9327991836141,27.7918136092359,28.0971859018476,25.451633828695,26.6191756776201,26.0345028917997,28.1238111111844,26.0065706891114
23.0617353500141,26.5802555238176,27.0528292025216,28.0924613394854,26.6968353659848,27.7259505028141,26.6530936570684,26.3142775989215,27.6002930043011,27.7581029611989,26.8127017141626,25.3709502824776,23.1409980435401,28.1926962184804,24.3136396540109,26.3836918724007,24.4215796167651,26.2812697738694,23.8725930848244,25.7869013258147,35.4216962703102,29.2280100631217,27.3786472046641,25.6939192170389,25.5055063119762,27.7876427927624,25.6851938666775,24.316578030607,25.2044318256304,23.825640700139,23.8526892927499,25.2754944717555,27.2398388676466,27.0889907211637,26.6316520963586,25.7424665771978,25.1070561203759,24.9521613469451,26.4902685016668,24.942731283215,25.7580479492461,23.0105814423533,28.3645152268239,21.8758152260663,26.1484715237666,27.8663385004598,26.0909328190273,26.9013184465194,27.4888244446589,27.4029638766238,24.5523495353775,27.6828906727883,24.36602715025,25.2765620859044,31.4987561272601,26.2418537496738,27.6677107618552,25.82679658005,26.2214050043463,27.955272781769,25.7764135424911,24.5514347331191,27.5413686373328,28.6648728087975,25.594180190343,23.9202953998216,23.4951656389588,25.0455209653007,24.8394776127369,27.582184340741,26.781103725457,25.5797429904338,28.7573927484125,26.1555151844101,23.7126786316858,26.6240278193984,24.3241502745296,26.5085747707728,24.6119889714534,27.6690621434781,25.6663294981048,21.8955200615376,27.0115188545568,26.1299596843905,26.7373602183223,27.7367044212635,28.0303208098265,25.796940935348,26.9376985562277,24.5765824280824,24.9163427001076,21.7970273942457,27.8577923772784,27.0517896148565,27.9480086110929,25.4474381823132,27.0106298886534,25.5481642260599,28.2794880592785,26.0535313446087
25.0706330926682,27.603294023329,28.8527995482771,27.0925814819111,28.2792552206402,28.1811861754784,29.3724164269545,27.66666127805,25.5057514983366,27.853988756942,28.4310080013837,29.9166829745692,21.9253235641619,28.6313727933769,27.0355513076928,27.330182148504,26.1837369297124,28.4170273999838,25.6400044635009,29.1652221379856,29.2280100631217,38.3289486937083,29.8017660670086,27.4762833433306,25.5502774196445,28.5693238191809,27.5245803125222,26.0300383538832,25.4033027752981,24.0265284515509,23.9991256726303,26.5004115645763,26.8866959895671,27.557593493127,29.2278414858537,24.9547373172861,27.0729512416521,25.8806556143118,29.3776206866047,25.7831934296668,24.9152904203955,25.3100184846256,29.9755902619234,23.0518176189341,28.348830033512,26.9067409946166,27.8330879441703,28.1530408916792,27.2555094043964,29.00943916617,25.5513125858208,28.3497749000744,25.0677737536501,27.8799595844606,31.4124041258181,27.3696081007649,28.0303277018251,27.9574151835708,25.3514775123675,28.6571389963313,26.6041141306774,26.8773299503569,29.5700507233605,30.5582263354803,26.8484689266241,24.6475425390694,24.1321296153361,24.9799910926378,26.1776666588342,27.2821589760499,27.8766870774397,26.7059674904647,27.7603047833877,26.4815754356739,25.5369584491716,29.4327685365423,26.5207259709936,25.6206720680728,25.8975109288003,26.6268544662313,27.1033269738904,23.0516857590187,28.4346991483339,29.6373960064742,27.4531002157289,31.6111976404462,29.6130491664497,25.8968049477567,27.871473046511,25.7939949463281,26.0419590899969,23.8609902707896,29.2572963955451,29.7645655995052,29.6689858154596,25.2183541011947,28.2323817497072,27.3781453082002,28.2228987549364,29.2163840048781
25.4197357538896,28.073859043216,29.7495735307402,26.3625116647521,28.7120973656314,28.347635290983,30.022936621168,28.7550955624804,26.5036050208051,30.4225468203043,27.3013577126178,29.2415357049302,22.5248576683946,29.362015257616,26.6359533631332,26.9378203901579,25.2536179326665,28.9888064123129,26.4240173606216,29.2004281207426,27.3786472046641,29.8017660670086,36.0002851475699,27.7278145752287,27.7211837605963,27.8918734745706,26.5490293508707,24.8171855520054,25.5935521598577,24.6886693997251,25.6256990605454,25.4919840272193,26.6657077400289,27.5054800022298,27.3457668333407,26.0583208211684,27.0867707816907,27.6212340273739,29.1433762155828,25.2038712516387,25.6392363265094,26.3661010172269,29.4179333219673,22.2360144512786,28.6864019841,26.783999016905,26.5006497194472,28.1110280780258,26.3757859710358,28.6484825251839,27.0774833501514,28.7064140064122,26.4121742436963,26.0033803063606,31.6996987389819,28.4295023020036,29.9047833381409,28.5204064502824,26.2358321056984,27.8702513127689,26.4011750505391,27.7733141823684,29.184522893239,29.4791689926627,25.9470762319408,25.0067858229445,24.2544879085332,27.6233676960597,26.4278178613756,29.1211831992334,28.5532023084241,26.7411987412022,28.7362751962629,26.2293248438839,24.3716773959923,28.1408790316892,25.3940803324902,26.0021175130638,24.3273915516483,27.5123418646303,27.7751610313894,22.2253997372733,30.1465320110788,29.5409589968748,27.4544534562976,28.9079393849052,28.4894475977872,29.3285687014903,29.0849523379082,26.1050662066839,25.584245653155,25.0648366015081,29.708090414165,28.4309309055746,30.5703337420881,25.7007369015581,28.3390877847437,26.6581912061363,29.2038684897851,27.4978776571905
